player_id,name,position_type,Pts Allow,Sack,Int,Fum Rec,TD,Safe,Blk Kick,Ret Yds,Ret TD,Pts Allow 0,Pts Allow 1-6,Pts Allow 7-13,Pts Allow 14-20,Pts Allow 21-27,Pts Allow 28-34,Pts Allow 35+,Def Yds Allow,Yds Allow 0-99,Yds Allow 100-199,Yds Allow 200-299,Yds Allow 300-399,Yds Allow 400-499,Yds Allow 500+,XPR,Fantasy Points
100002,Buffalo,DT,224.0,29.0,13.0,11.0,2.0,0.0,0.0,0.0,0.0,0.0,0.0,5.0,2.0,3.0,1.0,1.0,3859.0,0.0,0.0,6.0,4.0,2.0,0.0,0.0,124.0
100004,Cincinnati,DT,322.0,21.0,7.0,5.0,1.0,1.0,1.0,0.0,0.0,0.0,0.0,1.0,4.0,1.0,1.0,5.0,4430.0,0.0,0.0,3.0,6.0,1.0,2.0,0.0,39.0
100006,Dallas,DT,333.0,34.0,9.0,5.0,1.0,0.0,1.0,0.0,0.0,0.0,0.0,0.0,4.0,2.0,4.0,2.0,4316.0,0.0,0.0,3.0,4.0,5.0,0.0,0.0,59.0
100007,Denver,DT,234.0,47.0,12.0,6.0,4.0,2.0,0.0,0.0,0.0,0.0,1.0,4.0,4.0,2.0,1.0,1.0,4104.0,0.0,0.0,6.0,6.0,0.0,1.0,0.0,151.0
100008,Detroit,DT,195.0,30.0,14.0,5.0,1.0,0.0,0.0,0.0,0.0,0.0,2.0,2.0,5.0,3.0,0.0,0.0,3844.0,0.0,1.0,5.0,3.0,2.0,1.0,0.0,116.0
100009,Green Bay,DT,228.0,32.0,11.0,12.0,1.0,0.0,2.0,0.0,0.0,0.0,0.0,4.0,4.0,2.0,2.0,0.0,3887.0,0.0,1.0,3.0,7.0,1.0,0.0,0.0,122.0
100012,Kansas City,DT,235.0,24.0,6.0,4.0,1.0,0.0,1.0,0.0,0.0,0.0,0.0,2.0,6.0,3.0,1.0,0.0,3743.0,0.0,0.0,5.0,5.0,2.0,0.0,0.0,79.0
100014,Los Angeles,DT,290.0,28.0,10.0,5.0,3.0,1.0,2.0,0.0,0.0,0.0,0.0,0.0,4.0,6.0,0.0,2.0,4314.0,0.0,0.0,3.0,5.0,4.0,0.0,0.0,78.0
100016,Minnesota,DT,211.0,39.0,18.0,6.0,3.0,0.0,2.0,0.0,0.0,0.0,1.0,4.0,2.0,2.0,3.0,0.0,3896.0,0.0,1.0,5.0,4.0,2.0,0.0,0.0,152.0
100021,Philadelphia,DT,212.0,36.0,7.0,7.0,0.0,0.0,1.0,0.0,0.0,0.0,2.0,1.0,6.0,1.0,2.0,0.0,3393.0,0.0,2.0,6.0,2.0,2.0,0.0,0.0,120.0
100022,Arizona,DT,253.0,34.0,6.0,7.0,0.0,2.0,0.0,0.0,0.0,0.0,1.0,3.0,2.0,3.0,2.0,1.0,4018.0,0.0,0.0,5.0,5.0,2.0,0.0,0.0,93.0
100023,Pittsburgh,DT,218.0,29.0,13.0,12.0,1.0,0.0,3.0,0.0,0.0,0.0,1.0,3.0,4.0,3.0,1.0,0.0,3732.0,0.0,1.0,4.0,6.0,1.0,0.0,0.0,133.0
100025,San Francisco,DT,295.0,28.0,11.0,5.0,2.0,0.0,1.0,0.0,0.0,0.0,0.0,1.0,3.0,5.0,1.0,2.0,3719.0,0.0,0.0,6.0,5.0,1.0,0.0,0.0,93.0
100026,Seattle,DT,255.0,30.0,9.0,4.0,4.0,1.0,3.0,0.0,0.0,0.0,2.0,0.0,5.0,1.0,2.0,2.0,4051.0,0.0,0.0,5.0,4.0,3.0,0.0,0.0,108.0
100027,Tampa Bay,DT,296.0,33.0,5.0,9.0,1.0,1.0,1.0,0.0,0.0,0.0,0.0,1.0,3.0,4.0,2.0,2.0,4505.0,0.0,0.0,3.0,5.0,2.0,2.0,0.0,62.0
100028,Washington,DT,296.0,32.0,4.0,9.0,1.0,0.0,1.0,0.0,0.0,0.0,0.0,2.0,4.0,2.0,4.0,1.0,4260.0,0.0,1.0,3.0,6.0,3.0,0.0,0.0,80.0
100033,Baltimore,DT,316.0,41.0,7.0,4.0,0.0,0.0,1.0,0.0,0.0,0.0,0.0,2.0,1.0,6.0,3.0,1.0,4519.0,0.0,0.0,4.0,4.0,5.0,0.0,0.0,68.0
