player_id,week_number,player_id,name,position_type,FG 0-19,FG 20-29,FG 30-39,FG 40-49,FG 50+,PAT Made,Fantasy Points,eligible_positions,percent_owned
26534,1,26534,Justin Tucker,K,0.0,1.0,1.0,0.0,0.0,2.0,8.0,['K'],97
28188,1,28188,Chris Boswell,K,0.0,1.0,0.0,2.0,3.0,0.0,26.0,['K'],83
29792,1,29792,Ka'imi Fairbairn,K,0.0,0.0,0.0,0.0,3.0,2.0,17.0,['K'],95
30426,1,30426,Younghoe Koo,K,0.0,1.0,0.0,0.0,0.0,1.0,4.0,['K'],52
31199,1,31199,Jason Sanders,K,0.0,0.0,1.0,0.0,1.0,2.0,10.0,['K'],76
32002,1,32002,Austin Seibert,K,0.0,0.0,0.0,0.0,0.0,0.0,0.0,"['K', 'IR']",13
32417,1,32417,Chase McLaughlin,K,0.0,1.0,1.0,0.0,1.0,4.0,15.0,['K'],41
32858,1,32858,Tyler Bass,K,0.0,0.0,2.0,0.0,0.0,4.0,10.0,['K'],54
33537,1,33537,Evan McPherson,K,0.0,0.0,0.0,0.0,1.0,1.0,6.0,['K'],63
34344,1,34344,Cameron Dicker,K,0.0,2.0,0.0,0.0,1.0,1.0,12.0,['K'],86
34657,1,34657,Parker Romo,K,0.0,0.0,0.0,0.0,0.0,0.0,0.0,['K'],12
40129,1,40129,Jake Moody,K,0.0,1.0,1.0,2.0,2.0,2.0,26.0,['K'],54
40819,1,40819,Brandon Aubrey,K,0.0,0.0,0.0,2.0,2.0,3.0,21.0,['K'],96
40835,1,40835,Jake Bates,K,0.0,1.0,1.0,0.0,0.0,2.0,8.0,['K'],78
26534,2,26534,Justin Tucker,K,0.0,0.0,1.0,2.0,0.0,2.0,13.0,['K'],97
28188,2,28188,Chris Boswell,K,0.0,1.0,0.0,0.0,1.0,1.0,9.0,['K'],83
29792,2,29792,Ka'imi Fairbairn,K,0.0,0.0,0.0,1.0,3.0,1.0,20.0,['K'],95
30426,2,30426,Younghoe Koo,K,0.0,1.0,2.0,0.0,0.0,1.0,10.0,['K'],52
31199,2,31199,Jason Sanders,K,0.0,0.0,1.0,0.0,0.0,1.0,4.0,['K'],76
32002,2,32002,Austin Seibert,K,0.0,4.0,2.0,1.0,0.0,0.0,22.0,"['K', 'IR']",13
32417,2,32417,Chase McLaughlin,K,0.0,0.0,1.0,0.0,1.0,2.0,10.0,['K'],41
32858,2,32858,Tyler Bass,K,0.0,0.0,0.0,1.0,0.0,4.0,8.0,['K'],54
33537,2,33537,Evan McPherson,K,0.0,1.0,1.0,1.0,1.0,1.0,16.0,['K'],63
34344,2,34344,Cameron Dicker,K,0.0,0.0,0.0,2.0,0.0,2.0,10.0,['K'],86
34657,2,34657,Parker Romo,K,0.0,0.0,0.0,0.0,0.0,0.0,0.0,['K'],12
40129,2,40129,Jake Moody,K,0.0,0.0,1.0,0.0,0.0,2.0,5.0,['K'],54
40819,2,40819,Brandon Aubrey,K,0.0,0.0,1.0,2.0,1.0,1.0,17.0,['K'],96
40835,2,40835,Jake Bates,K,0.0,1.0,2.0,0.0,0.0,1.0,10.0,['K'],78
26534,3,26534,Justin Tucker,K,0.0,0.0,0.0,0.0,0.0,4.0,4.0,['K'],97
28188,3,28188,Chris Boswell,K,0.0,0.0,2.0,0.0,0.0,2.0,8.0,['K'],83
29792,3,29792,Ka'imi Fairbairn,K,0.0,0.0,0.0,0.0,0.0,1.0,1.0,['K'],95
30426,3,30426,Younghoe Koo,K,0.0,0.0,0.0,0.0,1.0,2.0,7.0,['K'],52
31199,3,31199,Jason Sanders,K,0.0,1.0,0.0,0.0,0.0,0.0,3.0,['K'],76
32002,3,32002,Austin Seibert,K,0.0,0.0,0.0,1.0,0.0,5.0,9.0,"['K', 'IR']",13
32417,3,32417,Chase McLaughlin,K,0.0,0.0,0.0,0.0,0.0,1.0,1.0,['K'],41
32858,3,32858,Tyler Bass,K,0.0,1.0,0.0,1.0,0.0,5.0,12.0,['K'],54
33537,3,33537,Evan McPherson,K,0.0,1.0,1.0,0.0,0.0,3.0,9.0,['K'],63
34344,3,34344,Cameron Dicker,K,0.0,1.0,0.0,0.0,0.0,1.0,4.0,['K'],86
34657,3,34657,Parker Romo,K,0.0,0.0,0.0,0.0,0.0,0.0,0.0,['K'],12
40129,3,40129,Jake Moody,K,0.0,1.0,0.0,0.0,0.0,3.0,6.0,['K'],54
40819,3,40819,Brandon Aubrey,K,0.0,0.0,0.0,0.0,2.0,1.0,11.0,['K'],96
40835,3,40835,Jake Bates,K,0.0,0.0,0.0,0.0,0.0,2.0,2.0,['K'],78
26534,4,26534,Justin Tucker,K,0.0,0.0,0.0,0.0,0.0,5.0,5.0,['K'],97
28188,4,28188,Chris Boswell,K,0.0,0.0,0.0,0.0,1.0,3.0,8.0,['K'],83
29792,4,29792,Ka'imi Fairbairn,K,0.0,0.0,1.0,0.0,0.0,3.0,6.0,['K'],95
30426,4,30426,Younghoe Koo,K,0.0,0.0,0.0,2.0,2.0,2.0,20.0,['K'],52
31199,4,31199,Jason Sanders,K,0.0,0.0,0.0,1.0,1.0,0.0,9.0,['K'],76
32002,4,32002,Austin Seibert,K,0.0,0.0,1.0,1.0,0.0,4.0,11.0,"['K', 'IR']",13
32417,4,32417,Chase McLaughlin,K,0.0,1.0,0.0,0.0,1.0,3.0,11.0,['K'],41
32858,4,32858,Tyler Bass,K,0.0,0.0,0.0,0.0,1.0,1.0,6.0,['K'],54
33537,4,33537,Evan McPherson,K,0.0,0.0,0.0,1.0,1.0,4.0,13.0,['K'],63
34344,4,34344,Cameron Dicker,K,0.0,0.0,0.0,0.0,1.0,1.0,6.0,['K'],86
34657,4,34657,Parker Romo,K,0.0,0.0,0.0,0.0,0.0,0.0,0.0,['K'],12
40129,4,40129,Jake Moody,K,0.0,2.0,0.0,1.0,0.0,3.0,13.0,['K'],54
40819,4,40819,Brandon Aubrey,K,0.0,0.0,0.0,1.0,1.0,2.0,11.0,['K'],96
40835,4,40835,Jake Bates,K,0.0,0.0,0.0,0.0,0.0,6.0,6.0,['K'],78
26534,5,26534,Justin Tucker,K,0.0,1.0,0.0,0.0,1.0,5.0,13.0,['K'],97
28188,5,28188,Chris Boswell,K,0.0,0.0,0.0,1.0,0.0,2.0,6.0,['K'],83
29792,5,29792,Ka'imi Fairbairn,K,0.0,0.0,0.0,1.0,2.0,2.0,16.0,['K'],95
30426,5,30426,Younghoe Koo,K,0.0,0.0,0.0,1.0,2.0,3.0,17.0,['K'],52
31199,5,31199,Jason Sanders,K,0.0,0.0,1.0,1.0,1.0,0.0,12.0,['K'],76
32002,5,32002,Austin Seibert,K,0.0,1.0,1.0,0.0,0.0,4.0,10.0,"['K', 'IR']",13
32417,5,32417,Chase McLaughlin,K,0.0,0.0,1.0,0.0,2.0,3.0,16.0,['K'],41
32858,5,32858,Tyler Bass,K,0.0,0.0,2.0,0.0,0.0,2.0,8.0,['K'],54
33537,5,33537,Evan McPherson,K,0.0,0.0,0.0,0.0,0.0,4.0,4.0,['K'],63
34344,5,34344,Cameron Dicker,K,0.0,0.0,0.0,0.0,0.0,0.0,0.0,['K'],86
34657,5,34657,Parker Romo,K,0.0,0.0,0.0,0.0,0.0,0.0,0.0,['K'],12
40129,5,40129,Jake Moody,K,0.0,2.0,0.0,0.0,0.0,2.0,8.0,['K'],54
40819,5,40819,Brandon Aubrey,K,0.0,0.0,1.0,0.0,1.0,2.0,10.0,['K'],96
40835,5,40835,Jake Bates,K,0.0,0.0,0.0,0.0,0.0,0.0,0.0,['K'],78
26534,6,26534,Justin Tucker,K,0.0,0.0,2.0,1.0,0.0,3.0,13.0,['K'],97
28188,6,28188,Chris Boswell,K,0.0,0.0,2.0,1.0,1.0,2.0,17.0,['K'],83
29792,6,29792,Ka'imi Fairbairn,K,0.0,0.0,1.0,1.0,0.0,5.0,12.0,['K'],95
30426,6,30426,Younghoe Koo,K,0.0,1.0,2.0,0.0,0.0,3.0,12.0,['K'],52
31199,6,31199,Jason Sanders,K,0.0,0.0,0.0,0.0,0.0,0.0,0.0,['K'],76
32002,6,32002,Austin Seibert,K,0.0,0.0,0.0,2.0,1.0,2.0,15.0,"['K', 'IR']",13
32417,6,32417,Chase McLaughlin,K,0.0,1.0,0.0,0.0,0.0,6.0,9.0,['K'],41
32858,6,32858,Tyler Bass,K,0.0,1.0,0.0,0.0,0.0,2.0,5.0,['K'],54
33537,6,33537,Evan McPherson,K,0.0,0.0,1.0,0.0,0.0,2.0,5.0,['K'],63
34344,6,34344,Cameron Dicker,K,0.0,1.0,1.0,1.0,0.0,2.0,12.0,['K'],86
34657,6,34657,Parker Romo,K,0.0,0.0,0.0,0.0,0.0,0.0,0.0,['K'],12
40129,6,40129,Jake Moody,K,0.0,0.0,0.0,0.0,0.0,0.0,0.0,['K'],54
40819,6,40819,Brandon Aubrey,K,0.0,0.0,1.0,1.0,1.0,0.0,12.0,['K'],96
40835,6,40835,Jake Bates,K,0.0,0.0,2.0,2.0,0.0,5.0,19.0,['K'],78
26534,7,26534,Justin Tucker,K,0.0,1.0,0.0,0.0,1.0,5.0,13.0,['K'],97
28188,7,28188,Chris Boswell,K,0.0,2.0,0.0,1.0,0.0,4.0,14.0,['K'],83
29792,7,29792,Ka'imi Fairbairn,K,0.0,1.0,1.0,0.0,1.0,1.0,12.0,['K'],95
30426,7,30426,Younghoe Koo,K,0.0,0.0,0.0,0.0,0.0,2.0,2.0,['K'],52
31199,7,31199,Jason Sanders,K,0.0,0.0,1.0,0.0,0.0,1.0,4.0,['K'],76
32002,7,32002,Austin Seibert,K,0.0,2.0,1.0,1.0,0.0,4.0,17.0,"['K', 'IR']",13
32417,7,32417,Chase McLaughlin,K,0.0,1.0,0.0,0.0,0.0,2.0,5.0,['K'],41
32858,7,32858,Tyler Bass,K,0.0,1.0,1.0,0.0,0.0,4.0,10.0,['K'],54
33537,7,33537,Evan McPherson,K,0.0,0.0,0.0,0.0,0.0,3.0,3.0,['K'],63
34344,7,34344,Cameron Dicker,K,0.0,1.0,0.0,2.0,2.0,0.0,21.0,['K'],86
34657,7,34657,Parker Romo,K,0.0,0.0,0.0,0.0,0.0,0.0,0.0,['K'],12
40129,7,40129,Jake Moody,K,0.0,0.0,0.0,0.0,0.0,0.0,0.0,['K'],54
40819,7,40819,Brandon Aubrey,K,0.0,0.0,0.0,0.0,0.0,0.0,0.0,['K'],96
40835,7,40835,Jake Bates,K,0.0,0.0,0.0,1.0,0.0,4.0,8.0,['K'],78
26534,8,26534,Justin Tucker,K,0.0,0.0,0.0,1.0,0.0,3.0,7.0,['K'],97
28188,8,28188,Chris Boswell,K,0.0,3.0,1.0,0.0,0.0,2.0,14.0,['K'],83
29792,8,29792,Ka'imi Fairbairn,K,0.0,0.0,3.0,0.0,0.0,2.0,11.0,['K'],95
30426,8,30426,Younghoe Koo,K,0.0,0.0,1.0,0.0,0.0,4.0,7.0,['K'],52
31199,8,31199,Jason Sanders,K,0.0,1.0,0.0,0.0,1.0,3.0,11.0,['K'],76
32002,8,32002,Austin Seibert,K,0.0,2.0,1.0,1.0,0.0,0.0,13.0,"['K', 'IR']",13
32417,8,32417,Chase McLaughlin,K,0.0,0.0,0.0,0.0,1.0,3.0,8.0,['K'],41
32858,8,32858,Tyler Bass,K,0.0,1.0,0.0,0.0,0.0,4.0,7.0,['K'],54
33537,8,33537,Evan McPherson,K,0.0,1.0,0.0,0.0,0.0,2.0,5.0,['K'],63
34344,8,34344,Cameron Dicker,K,0.0,1.0,0.0,1.0,0.0,2.0,9.0,['K'],86
34657,8,34657,Parker Romo,K,0.0,0.0,0.0,0.0,0.0,0.0,0.0,['K'],12
40129,8,40129,Jake Moody,K,0.0,0.0,0.0,0.0,0.0,0.0,0.0,['K'],54
40819,8,40819,Brandon Aubrey,K,0.0,1.0,0.0,0.0,0.0,3.0,6.0,['K'],96
40835,8,40835,Jake Bates,K,0.0,0.0,0.0,0.0,1.0,7.0,12.0,['K'],78
26534,9,26534,Justin Tucker,K,0.0,0.0,2.0,0.0,0.0,5.0,11.0,['K'],97
28188,9,28188,Chris Boswell,K,0.0,0.0,0.0,0.0,0.0,0.0,0.0,['K'],83
29792,9,29792,Ka'imi Fairbairn,K,0.0,1.0,0.0,0.0,1.0,1.0,9.0,['K'],95
30426,9,30426,Younghoe Koo,K,0.0,0.0,0.0,0.0,0.0,3.0,3.0,['K'],52
31199,9,31199,Jason Sanders,K,0.0,1.0,1.0,0.0,0.0,3.0,9.0,['K'],76
32002,9,32002,Austin Seibert,K,0.0,1.0,1.0,0.0,0.0,3.0,9.0,"['K', 'IR']",13
32417,9,32417,Chase McLaughlin,K,0.0,0.0,0.0,1.0,0.0,3.0,7.0,['K'],41
32858,9,32858,Tyler Bass,K,0.0,0.0,0.0,2.0,1.0,1.0,14.0,['K'],54
33537,9,33537,Evan McPherson,K,0.0,1.0,0.0,1.0,0.0,5.0,12.0,['K'],63
34344,9,34344,Cameron Dicker,K,0.0,0.0,0.0,0.0,0.0,3.0,3.0,['K'],86
34657,9,34657,Parker Romo,K,0.0,0.0,0.0,0.0,0.0,0.0,0.0,['K'],12
40129,9,40129,Jake Moody,K,0.0,0.0,0.0,0.0,0.0,0.0,0.0,['K'],54
40819,9,40819,Brandon Aubrey,K,0.0,0.0,1.0,0.0,1.0,1.0,9.0,['K'],96
40835,9,40835,Jake Bates,K,0.0,1.0,0.0,0.0,0.0,3.0,6.0,['K'],78
26534,10,26534,Justin Tucker,K,0.0,0.0,0.0,0.0,0.0,3.0,3.0,['K'],97
28188,10,28188,Chris Boswell,K,0.0,0.0,0.0,0.0,0.0,4.0,4.0,['K'],83
29792,10,29792,Ka'imi Fairbairn,K,0.0,1.0,1.0,0.0,1.0,2.0,13.0,['K'],95
30426,10,30426,Younghoe Koo,K,0.0,1.0,0.0,0.0,0.0,2.0,5.0,['K'],52
31199,10,31199,Jason Sanders,K,0.0,0.0,1.0,0.0,2.0,2.0,15.0,['K'],76
32002,10,32002,Austin Seibert,K,0.0,0.0,0.0,0.0,0.0,0.0,0.0,"['K', 'IR']",13
32417,10,32417,Chase McLaughlin,K,0.0,1.0,1.0,0.0,0.0,2.0,8.0,['K'],41
32858,10,32858,Tyler Bass,K,0.0,2.0,0.0,1.0,0.0,3.0,13.0,['K'],54
33537,10,33537,Evan McPherson,K,0.0,0.0,0.0,0.0,0.0,4.0,4.0,['K'],63
34344,10,34344,Cameron Dicker,K,0.0,1.0,1.0,0.0,0.0,3.0,9.0,['K'],86
34657,10,34657,Parker Romo,K,0.0,1.0,2.0,1.0,0.0,0.0,13.0,['K'],12
40129,10,40129,Jake Moody,K,0.0,1.0,1.0,1.0,0.0,2.0,12.0,['K'],54
40819,10,40819,Brandon Aubrey,K,0.0,1.0,0.0,1.0,0.0,0.0,7.0,['K'],96
40835,10,40835,Jake Bates,K,0.0,0.0,0.0,0.0,2.0,2.0,12.0,['K'],78
26534,11,26534,Justin Tucker,K,0.0,0.0,0.0,0.0,1.0,1.0,6.0,['K'],97
28188,11,28188,Chris Boswell,K,0.0,1.0,2.0,0.0,3.0,0.0,24.0,['K'],83
29792,11,29792,Ka'imi Fairbairn,K,0.0,1.0,1.0,0.0,0.0,4.0,10.0,['K'],95
30426,11,30426,Younghoe Koo,K,0.0,0.0,0.0,1.0,1.0,0.0,9.0,['K'],52
31199,11,31199,Jason Sanders,K,0.0,0.0,1.0,1.0,0.0,4.0,11.0,['K'],76
32002,11,32002,Austin Seibert,K,0.0,0.0,0.0,0.0,0.0,0.0,0.0,"['K', 'IR']",13
32417,11,32417,Chase McLaughlin,K,0.0,0.0,0.0,0.0,0.0,0.0,0.0,['K'],41
32858,11,32858,Tyler Bass,K,0.0,0.0,1.0,0.0,0.0,3.0,6.0,['K'],54
33537,11,33537,Evan McPherson,K,0.0,2.0,0.0,0.0,0.0,3.0,9.0,['K'],63
34344,11,34344,Cameron Dicker,K,1.0,0.0,0.0,0.0,1.0,4.0,12.0,['K'],86
34657,11,34657,Parker Romo,K,0.0,0.0,0.0,1.0,0.0,2.0,6.0,['K'],12
40129,11,40129,Jake Moody,K,0.0,0.0,1.0,0.0,0.0,2.0,5.0,['K'],54
40819,11,40819,Brandon Aubrey,K,0.0,0.0,0.0,0.0,1.0,1.0,6.0,['K'],96
40835,11,40835,Jake Bates,K,0.0,0.0,0.0,0.0,1.0,7.0,12.0,['K'],78
26534,12,26534,Justin Tucker,K,0.0,0.0,0.0,1.0,0.0,3.0,7.0,['K'],97
28188,12,28188,Chris Boswell,K,0.0,1.0,0.0,1.0,0.0,1.0,8.0,['K'],83
29792,12,29792,Ka'imi Fairbairn,K,0.0,1.0,0.0,0.0,1.0,3.0,11.0,['K'],95
30426,12,30426,Younghoe Koo,K,0.0,0.0,0.0,0.0,0.0,0.0,0.0,['K'],52
31199,12,31199,Jason Sanders,K,0.0,1.0,0.0,0.0,1.0,4.0,12.0,['K'],76
32002,12,32002,Austin Seibert,K,0.0,0.0,0.0,1.0,1.0,0.0,9.0,"['K', 'IR']",13
32417,12,32417,Chase McLaughlin,K,0.0,1.0,0.0,0.0,0.0,3.0,6.0,['K'],41
32858,12,32858,Tyler Bass,K,0.0,0.0,0.0,0.0,0.0,0.0,0.0,['K'],54
33537,12,33537,Evan McPherson,K,0.0,0.0,0.0,0.0,0.0,0.0,0.0,['K'],63
34344,12,34344,Cameron Dicker,K,0.0,0.0,0.0,1.0,2.0,2.0,16.0,['K'],86
34657,12,34657,Parker Romo,K,0.0,2.0,0.0,1.0,0.0,3.0,13.0,['K'],12
40129,12,40129,Jake Moody,K,0.0,0.0,0.0,1.0,0.0,1.0,5.0,['K'],54
40819,12,40819,Brandon Aubrey,K,0.0,0.0,0.0,2.0,0.0,4.0,12.0,['K'],96
40835,12,40835,Jake Bates,K,0.0,0.0,0.0,0.0,1.0,3.0,8.0,['K'],78
26534,13,26534,Justin Tucker,K,0.0,0.0,1.0,0.0,1.0,1.0,9.0,['K'],97
28188,13,28188,Chris Boswell,K,0.0,0.0,2.0,0.0,1.0,5.0,16.0,['K'],83
29792,13,29792,Ka'imi Fairbairn,K,0.0,1.0,1.0,0.0,1.0,2.0,13.0,['K'],95
30426,13,30426,Younghoe Koo,K,0.0,1.0,0.0,1.0,0.0,1.0,8.0,['K'],52
31199,13,31199,Jason Sanders,K,0.0,0.0,1.0,0.0,0.0,0.0,3.0,['K'],76
32002,13,32002,Austin Seibert,K,0.0,0.0,0.0,0.0,0.0,0.0,0.0,"['K', 'IR']",13
32417,13,32417,Chase McLaughlin,K,0.0,2.0,1.0,0.0,1.0,2.0,16.0,['K'],41
32858,13,32858,Tyler Bass,K,0.0,0.0,0.0,0.0,0.0,5.0,5.0,['K'],54
33537,13,33537,Evan McPherson,K,0.0,0.0,1.0,0.0,0.0,5.0,8.0,['K'],63
34344,13,34344,Cameron Dicker,K,0.0,0.0,1.0,1.0,1.0,0.0,12.0,['K'],86
34657,13,34657,Parker Romo,K,0.0,0.0,1.0,1.0,1.0,2.0,14.0,['K'],12
40129,13,40129,Jake Moody,K,0.0,0.0,1.0,0.0,0.0,1.0,4.0,['K'],54
40819,13,40819,Brandon Aubrey,K,0.0,1.0,1.0,0.0,0.0,3.0,9.0,['K'],96
40835,13,40835,Jake Bates,K,0.0,0.0,2.0,1.0,0.0,2.0,12.0,['K'],78
