player_id,name,position_type,Pass Yds,Pass TD,Int,Sack,Rush Att,Rush Yds,Rush TD,Rec,Rec Yds,Rec TD,Ret Yds,Ret TD,2-PT,Fum,Fum Lost,Fum Ret TD,Pick Six,40 Yd Comp,40 Yd Pass TD,40 Yd Rush,40 Yd Rush TD,40 Yd Rec,40 Yd Rec TD,Targets,Fantasy Points
9265,Matthew Stafford,O,2983.0,17.0,7.0,28.0,17.0,11.0,0.0,0.0,0.0,0.0,0.0,0.0,0.0,6.0,2.0,0.0,0.0,5.0,1.0,0.0,0.0,0.0,0.0,0.0,173.42
25812,Kirk Cousins,O,3052.0,17.0,13.0,24.0,20.0,0.0,0.0,0.0,0.0,0.0,0.0,0.0,0.0,12.0,2.0,0.0,0.0,6.0,3.0,0.0,0.0,0.0,0.0,0.0,176.08
26650,DeAndre Hopkins,O,0.0,0.0,0.0,0.0,0.0,0.0,0.0,41.0,498.0,4.0,0.0,0.0,0.0,1.0,0.0,0.0,0.0,0.0,0.0,0.0,0.0,0.0,0.0,57.0,114.3
26658,Zach Ertz,O,0.0,0.0,0.0,0.0,0.0,0.0,0.0,52.0,501.0,4.0,0.0,0.0,2.0,1.0,0.0,0.0,0.0,0.0,0.0,0.0,0.0,0.0,0.0,75.0,129.6
26686,Travis Kelce,O,0.0,0.0,0.0,0.0,1.0,1.0,0.0,75.0,637.0,2.0,0.0,0.0,0.0,2.0,1.0,0.0,0.0,0.0,0.0,0.0,0.0,0.0,0.0,101.0,147.8
26699,Keenan Allen,O,0.0,0.0,0.0,0.0,0.0,0.0,0.0,44.0,441.0,5.0,0.0,0.0,0.0,1.0,0.0,0.0,0.0,0.0,0.0,0.0,0.0,1.0,0.0,79.0,119.6
27535,Mike Evans,O,0.0,0.0,0.0,0.0,0.0,0.0,0.0,39.0,521.0,7.0,0.0,0.0,0.0,0.0,0.0,0.0,0.0,0.0,0.0,0.0,0.0,0.0,0.0,63.0,133.1
27548,Brandin Cooks,O,0.0,0.0,0.0,0.0,2.0,2.0,0.0,12.0,107.0,2.0,0.0,0.0,0.0,0.0,0.0,0.0,0.0,0.0,0.0,0.0,0.0,0.0,0.0,26.0,34.9
27581,Davante Adams,O,0.0,0.0,0.0,0.0,0.0,0.0,0.0,49.0,553.0,3.0,0.0,0.0,0.0,0.0,0.0,0.0,0.0,0.0,0.0,0.0,0.0,0.0,0.0,85.0,122.3
27590,Jimmy Garoppolo,O,0.0,0.0,0.0,0.0,0.0,0.0,0.0,0.0,0.0,0.0,0.0,0.0,0.0,0.0,0.0,0.0,0.0,0.0,0.0,0.0,0.0,0.0,0.0,0.0,0.0
28392,Amari Cooper,O,0.0,0.0,0.0,0.0,0.0,0.0,0.0,34.0,386.0,3.0,0.0,0.0,0.0,0.0,0.0,0.0,0.0,0.0,0.0,0.0,0.0,0.0,0.0,66.0,90.6
28457,Tyler Lockett,O,0.0,0.0,0.0,0.0,0.0,0.0,0.0,41.0,511.0,2.0,0.0,0.0,0.0,0.0,0.0,0.0,0.0,0.0,0.0,0.0,0.0,0.0,0.0,62.0,104.1
28654,Raheem Mostert,O,0.0,0.0,0.0,0.0,65.0,236.0,2.0,12.0,117.0,0.0,23.0,0.0,0.0,2.0,2.0,0.0,0.0,0.0,0.0,0.0,0.0,0.0,0.0,16.0,55.83
29235,Jared Goff,O,2982.0,22.0,9.0,22.0,25.0,40.0,0.0,1.0,7.0,1.0,0.0,0.0,0.0,5.0,0.0,0.0,0.0,8.0,4.0,0.0,0.0,0.0,0.0,1.0,224.48
29269,Hunter Henry,O,0.0,0.0,0.0,0.0,0.0,0.0,0.0,58.0,610.0,1.0,0.0,0.0,0.0,0.0,0.0,0.0,0.0,0.0,0.0,0.0,0.0,0.0,0.0,83.0,125.0
29279,Derrick Henry,O,0.0,0.0,0.0,0.0,240.0,1407.0,13.0,13.0,125.0,2.0,0.0,0.0,0.0,3.0,1.0,0.0,0.0,0.0,0.0,3.0,1.0,0.0,0.0,15.0,261.7
29399,Tyreek Hill,O,0.0,0.0,0.0,0.0,7.0,47.0,0.0,55.0,654.0,4.0,11.0,0.0,0.0,0.0,0.0,0.0,0.0,0.0,0.0,0.0,0.0,1.0,1.0,83.0,154.83
30121,Christian McCaffrey,O,0.0,0.0,0.0,0.0,50.0,202.0,0.0,15.0,146.0,0.0,0.0,0.0,0.0,1.0,1.0,0.0,0.0,0.0,0.0,0.0,0.0,0.0,0.0,19.0,47.3
30123,Patrick Mahomes,O,2979.0,19.0,11.0,32.0,46.0,231.0,1.0,1.0,2.0,0.0,0.0,0.0,0.0,2.0,0.0,0.0,0.0,3.0,2.0,0.0,0.0,0.0,0.0,1.0,209.46
30125,Deshaun Watson,O,1148.0,5.0,3.0,33.0,31.0,148.0,1.0,0.0,0.0,0.0,0.0,0.0,1.0,5.0,3.0,0.0,0.0,0.0,0.0,0.0,0.0,0.0,0.0,0.0,60.72
30136,Evan Engram,O,0.0,0.0,0.0,0.0,0.0,0.0,0.0,43.0,332.0,1.0,0.0,0.0,1.0,1.0,1.0,0.0,0.0,0.0,0.0,0.0,0.0,0.0,0.0,58.0,81.7
30142,David Njoku,O,0.0,0.0,0.0,0.0,0.0,0.0,0.0,49.0,397.0,4.0,0.0,0.0,2.0,0.0,0.0,0.0,0.0,0.0,0.0,0.0,0.0,0.0,0.0,74.0,116.7
30161,Joe Mixon,O,0.0,0.0,0.0,0.0,205.0,887.0,11.0,27.0,244.0,1.0,0.0,0.0,0.0,0.0,0.0,0.0,0.0,0.0,0.0,2.0,1.0,0.0,0.0,40.0,219.1
30180,Alvin Kamara,O,0.0,0.0,0.0,0.0,206.0,894.0,6.0,59.0,450.0,1.0,0.0,0.0,0.0,1.0,0.0,0.0,0.0,0.0,0.0,0.0,0.0,1.0,1.0,79.0,239.9
30182,Cooper Kupp,O,0.0,0.0,0.0,0.0,2.0,10.0,0.0,58.0,565.0,5.0,0.0,0.0,0.0,1.0,0.0,0.0,0.0,0.0,0.0,0.0,0.0,1.0,1.0,83.0,150.0
30197,Chris Godwin,O,0.0,0.0,0.0,0.0,1.0,2.0,0.0,50.0,576.0,5.0,0.0,0.0,0.0,1.0,0.0,0.0,0.0,0.0,0.0,0.0,0.0,2.0,2.0,62.0,147.3
30213,Jonnu Smith,O,0.0,0.0,0.0,0.0,2.0,-1.0,0.0,58.0,648.0,4.0,0.0,0.0,0.0,1.0,0.0,0.0,0.0,0.0,0.0,0.0,0.0,1.0,1.0,74.0,151.2
30218,James Conner,O,0.0,0.0,0.0,0.0,183.0,773.0,5.0,32.0,301.0,0.0,0.0,0.0,2.0,3.0,1.0,0.0,0.0,0.0,0.0,0.0,0.0,1.0,0.0,39.0,171.9
30259,George Kittle,O,0.0,0.0,0.0,0.0,0.0,0.0,0.0,50.0,649.0,8.0,0.0,0.0,0.0,0.0,0.0,0.0,0.0,0.0,0.0,0.0,0.0,2.0,0.0,61.0,166.9
30275,Jeremy McNichols,O,0.0,0.0,0.0,0.0,50.0,249.0,4.0,2.0,7.0,0.0,113.0,0.0,0.0,0.0,0.0,0.0,0.0,0.0,0.0,0.0,0.0,0.0,0.0,3.0,59.13
30295,Aaron Jones Sr.,O,0.0,0.0,0.0,0.0,184.0,820.0,3.0,35.0,291.0,2.0,0.0,0.0,0.0,5.0,3.0,0.0,0.0,0.0,0.0,1.0,0.0,0.0,0.0,41.0,169.6
30423,Austin Ekeler,O,0.0,0.0,0.0,0.0,74.0,355.0,4.0,33.0,346.0,0.0,594.0,0.0,0.0,3.0,0.0,0.0,0.0,0.0,0.0,1.0,0.0,0.0,0.0,39.0,167.2
30614,Taysom Hill,O,21.0,0.0,1.0,0.0,39.0,278.0,6.0,23.0,187.0,0.0,42.0,0.0,0.0,1.0,1.0,0.0,0.0,0.0,0.0,1.0,1.0,0.0,0.0,31.0,110.64
30971,Baker Mayfield,O,3034.0,25.0,11.0,28.0,43.0,229.0,3.0,0.0,0.0,0.0,0.0,0.0,1.0,11.0,1.0,0.0,0.0,2.0,2.0,0.0,0.0,0.0,0.0,0.0,241.76
30972,Saquon Barkley,O,0.0,0.0,0.0,0.0,246.0,1499.0,11.0,29.0,267.0,2.0,0.0,0.0,2.0,2.0,1.0,0.0,0.0,0.0,0.0,6.0,3.0,1.0,0.0,37.0,307.6
30973,Sam Darnold,O,2952.0,23.0,10.0,36.0,52.0,187.0,1.0,0.0,0.0,0.0,0.0,0.0,0.0,7.0,4.0,0.0,0.0,7.0,2.0,0.0,0.0,0.0,0.0,0.0,215.28
30977,Josh Allen,O,2691.0,20.0,5.0,13.0,70.0,334.0,6.0,0.0,7.0,1.0,0.0,0.0,1.0,5.0,2.0,0.0,0.0,7.0,2.0,0.0,0.0,0.0,0.0,0.0,267.74
30994,DJ Moore,O,0.0,0.0,0.0,0.0,7.0,36.0,0.0,62.0,663.0,5.0,0.0,0.0,1.0,0.0,0.0,0.0,0.0,0.0,0.0,0.0,0.0,1.0,0.0,96.0,165.9
30996,Calvin Ridley,O,0.0,0.0,0.0,0.0,4.0,32.0,1.0,43.0,679.0,3.0,0.0,0.0,0.0,1.0,1.0,0.0,0.0,0.0,0.0,0.0,0.0,4.0,2.0,87.0,149.6
31002,Lamar Jackson,O,3290.0,29.0,3.0,19.0,111.0,678.0,3.0,0.0,0.0,0.0,0.0,0.0,1.0,8.0,4.0,0.0,0.0,11.0,5.0,0.0,0.0,0.0,0.0,0.0,347.9
31005,Nick Chubb,O,0.0,0.0,0.0,0.0,82.0,243.0,3.0,5.0,31.0,1.0,0.0,0.0,0.0,0.0,0.0,0.0,0.0,0.0,0.0,0.0,0.0,0.0,0.0,9.0,56.4
31010,Courtland Sutton,O,30.0,1.0,0.0,0.0,0.0,0.0,0.0,63.0,846.0,5.0,0.0,0.0,0.0,1.0,1.0,0.0,0.0,0.0,0.0,0.0,0.0,0.0,0.0,104.0,180.3
31017,Christian Kirk,O,0.0,0.0,0.0,0.0,0.0,0.0,0.0,27.0,379.0,1.0,0.0,0.0,0.0,0.0,0.0,0.0,0.0,0.0,0.0,0.0,0.0,1.0,0.0,47.0,72.9
31019,Dallas Goedert,O,0.0,0.0,0.0,0.0,0.0,0.0,0.0,38.0,441.0,2.0,0.0,0.0,0.0,2.0,0.0,0.0,0.0,0.0,0.0,0.0,0.0,2.0,0.0,46.0,97.1
31056,Mark Andrews,O,0.0,0.0,0.0,0.0,2.0,4.0,0.0,43.0,490.0,7.0,0.0,0.0,0.0,0.0,0.0,0.0,0.0,0.0,0.0,0.0,0.0,0.0,0.0,51.0,134.4
31090,Will Dissly,O,0.0,0.0,0.0,0.0,0.0,0.0,0.0,41.0,399.0,1.0,0.0,0.0,0.0,0.0,0.0,0.0,0.0,0.0,0.0,0.0,0.0,0.0,0.0,53.0,86.9
31107,Dalton Schultz,O,0.0,0.0,0.0,0.0,0.0,0.0,0.0,41.0,424.0,1.0,0.0,0.0,0.0,0.0,0.0,0.0,0.0,0.0,0.0,0.0,0.0,0.0,0.0,64.0,89.4
31157,Ray-Ray McCloud,O,0.0,0.0,0.0,0.0,7.0,54.0,0.0,45.0,476.0,1.0,330.0,0.0,0.0,3.0,1.0,0.0,0.0,0.0,0.0,0.0,0.0,1.0,0.0,61.0,124.5
31424,Gus Edwards,O,0.0,0.0,0.0,0.0,69.0,238.0,1.0,2.0,3.0,0.0,0.0,0.0,0.0,0.0,0.0,0.0,0.0,0.0,0.0,0.0,0.0,0.0,0.0,3.0,32.1
31833,Kyler Murray,O,2603.0,13.0,6.0,21.0,55.0,428.0,4.0,0.0,0.0,0.0,0.0,0.0,0.0,7.0,3.0,0.0,0.0,2.0,1.0,2.0,2.0,0.0,0.0,0.0,213.92
31840,T.J. Hockenson,O,0.0,0.0,0.0,0.0,0.0,0.0,0.0,23.0,254.0,0.0,0.0,0.0,0.0,0.0,0.0,0.0,0.0,0.0,0.0,0.0,0.0,0.0,0.0,31.0,48.4
31856,Josh Jacobs,O,0.0,0.0,0.0,0.0,221.0,987.0,8.0,27.0,260.0,1.0,0.0,0.0,0.0,2.0,1.0,0.0,0.0,0.0,0.0,0.0,0.0,1.0,0.0,34.0,204.7
31857,Hollywood Brown,O,0.0,0.0,0.0,0.0,0.0,0.0,0.0,0.0,0.0,0.0,0.0,0.0,0.0,0.0,0.0,0.0,0.0,0.0,0.0,0.0,0.0,0.0,0.0,0.0,0.0
31868,Deebo Samuel Sr.,O,0.0,0.0,0.0,1.0,27.0,79.0,1.0,38.0,531.0,1.0,333.0,0.0,0.0,1.0,1.0,0.0,0.0,0.0,0.0,0.0,0.0,3.0,1.0,61.0,139.2
31883,A.J. Brown,O,0.0,0.0,0.0,0.0,0.0,0.0,0.0,44.0,793.0,4.0,0.0,0.0,0.0,0.0,0.0,0.0,0.0,0.0,0.0,0.0,0.0,4.0,2.0,62.0,161.3
31896,DK Metcalf,O,0.0,0.0,0.0,0.0,0.0,0.0,0.0,50.0,763.0,3.0,0.0,0.0,0.0,2.0,2.0,0.0,0.0,0.0,0.0,0.0,0.0,2.0,2.0,84.0,149.3
31905,David Montgomery,O,3.0,1.0,0.0,0.0,166.0,720.0,11.0,27.0,277.0,0.0,0.0,0.0,0.0,2.0,1.0,0.0,0.0,0.0,0.0,0.0,0.0,1.0,0.0,29.0,195.82
31906,Devin Singletary,O,0.0,0.0,0.0,0.0,87.0,349.0,3.0,16.0,99.0,0.0,0.0,0.0,0.0,2.0,2.0,0.0,0.0,0.0,0.0,1.0,0.0,0.0,0.0,19.0,75.8
31908,Terry McLaurin,O,0.0,0.0,0.0,0.0,2.0,2.0,0.0,61.0,896.0,9.0,0.0,0.0,0.0,1.0,1.0,0.0,0.0,0.0,0.0,0.0,0.0,5.0,1.0,82.0,215.3
31934,Alexander Mattison,O,0.0,0.0,0.0,0.0,97.0,320.0,3.0,25.0,245.0,1.0,0.0,0.0,1.0,0.0,0.0,0.0,0.0,0.0,0.0,0.0,0.0,0.0,0.0,29.0,107.5
31960,Tony Pollard,O,0.0,0.0,0.0,0.0,192.0,835.0,4.0,37.0,211.0,0.0,0.0,0.0,0.0,1.0,1.0,0.0,0.0,0.0,0.0,1.0,0.0,0.0,0.0,51.0,165.1
32231,Jakobi Meyers,O,0.0,0.0,0.0,0.0,2.0,23.0,0.0,59.0,676.0,2.0,0.0,0.0,1.0,0.0,0.0,0.0,0.0,0.0,0.0,0.0,0.0,1.0,0.0,86.0,144.9
32523,Greg Dortch,O,0.0,0.0,0.0,0.0,2.0,10.0,0.0,25.0,193.0,1.0,248.0,0.0,0.0,1.0,1.0,0.0,0.0,0.0,0.0,0.0,0.0,0.0,0.0,38.0,65.33
32671,Joe Burrow,O,3337.0,30.0,5.0,30.0,33.0,160.0,1.0,0.0,0.0,0.0,0.0,0.0,0.0,7.0,3.0,0.0,0.0,11.0,8.0,1.0,1.0,0.0,0.0,0.0,296.98
32675,Tua Tagovailoa,O,2125.0,15.0,4.0,18.0,14.0,47.0,0.0,0.0,0.0,0.0,0.0,0.0,1.0,5.0,1.0,0.0,0.0,3.0,2.0,0.0,0.0,0.0,0.0,0.0,146.2
32676,Justin Herbert,O,2551.0,13.0,1.0,32.0,50.0,212.0,2.0,0.0,0.0,0.0,0.0,0.0,1.0,6.0,2.0,0.0,0.0,5.0,2.0,0.0,0.0,0.0,0.0,0.0,181.24
32685,Jerry Jeudy,O,0.0,0.0,0.0,0.0,0.0,0.0,0.0,54.0,880.0,3.0,0.0,0.0,2.0,0.0,0.0,0.0,0.0,0.0,0.0,0.0,0.0,3.0,2.0,91.0,176.0
32687,CeeDee Lamb,O,0.0,0.0,0.0,0.0,13.0,69.0,0.0,79.0,880.0,4.0,0.0,0.0,1.0,1.0,1.0,0.0,0.0,0.0,0.0,0.0,0.0,2.0,2.0,124.0,207.4
32692,Justin Jefferson,O,22.0,0.0,0.0,0.0,1.0,3.0,0.0,68.0,1038.0,5.0,0.0,0.0,0.0,1.0,0.0,0.0,0.0,0.0,0.0,0.0,0.0,3.0,1.0,100.0,211.48
32696,Jordan Love,O,2518.0,20.0,11.0,10.0,18.0,48.0,1.0,0.0,0.0,0.0,0.0,0.0,2.0,4.0,0.0,0.0,0.0,11.0,3.0,0.0,0.0,0.0,0.0,0.0,208.52
32703,Tee Higgins,O,0.0,0.0,0.0,0.0,0.0,0.0,0.0,43.0,558.0,5.0,0.0,0.0,0.0,0.0,0.0,0.0,0.0,0.0,0.0,0.0,0.0,1.0,1.0,68.0,133.8
32704,Michael Pittman Jr.,O,0.0,0.0,0.0,0.0,0.0,0.0,0.0,46.0,550.0,2.0,0.0,0.0,0.0,0.0,0.0,0.0,0.0,0.0,0.0,0.0,0.0,0.0,0.0,79.0,113.0
32705,D'Andre Swift,O,0.0,0.0,0.0,0.0,179.0,704.0,5.0,33.0,313.0,0.0,0.0,0.0,1.0,2.0,0.0,0.0,0.0,0.0,0.0,1.0,1.0,1.0,0.0,39.0,172.7
32711,Jonathan Taylor,O,0.0,0.0,0.0,0.0,186.0,804.0,5.0,14.0,118.0,1.0,0.0,0.0,0.0,2.0,0.0,0.0,0.0,0.0,0.0,1.0,0.0,0.0,0.0,23.0,143.2
32723,Jalen Hurts,O,2494.0,14.0,5.0,31.0,124.0,485.0,12.0,0.0,0.0,0.0,0.0,0.0,0.0,7.0,4.0,0.0,0.0,10.0,4.0,0.0,0.0,0.0,0.0,0.0,276.26
32725,J.K. Dobbins,O,0.0,0.0,0.0,0.0,158.0,766.0,8.0,28.0,134.0,0.0,0.0,0.0,0.0,0.0,0.0,0.0,0.0,0.0,0.0,3.0,1.0,0.0,0.0,34.0,175.0
32843,Darnell Mooney,O,0.0,0.0,0.0,0.0,0.0,0.0,0.0,51.0,731.0,5.0,0.0,0.0,0.0,0.0,0.0,0.0,0.0,0.0,0.0,0.0,0.0,1.0,1.0,87.0,159.1
32887,Jauan Jennings,O,0.0,0.0,0.0,0.0,0.0,0.0,0.0,50.0,684.0,4.0,0.0,0.0,0.0,0.0,0.0,0.0,0.0,0.0,0.0,0.0,0.0,1.0,0.0,70.0,144.4
33100,Rico Dowdle,O,0.0,0.0,0.0,0.0,134.0,600.0,1.0,32.0,195.0,3.0,0.0,0.0,0.0,2.0,1.0,0.0,0.0,0.0,0.0,0.0,0.0,0.0,0.0,40.0,132.5
33348,Nick Westbrook-Ikhine,O,0.0,0.0,0.0,0.0,0.0,0.0,0.0,20.0,365.0,8.0,0.0,0.0,0.0,0.0,0.0,0.0,0.0,0.0,0.0,0.0,0.0,1.0,1.0,38.0,109.5
33389,Trevor Lawrence,O,2045.0,11.0,7.0,18.0,26.0,119.0,3.0,0.0,-5.0,0.0,0.0,0.0,3.0,3.0,1.0,0.0,0.0,4.0,1.0,0.0,0.0,0.0,0.0,0.0,152.7
33392,Kyle Pitts,O,0.0,0.0,0.0,0.0,0.0,0.0,0.0,35.0,494.0,3.0,0.0,0.0,0.0,0.0,0.0,0.0,0.0,0.0,0.0,0.0,0.0,3.0,1.0,54.0,111.4
33393,Ja'Marr Chase,O,0.0,0.0,0.0,0.0,1.0,11.0,0.0,79.0,1142.0,13.0,0.0,0.0,0.0,0.0,0.0,0.0,0.0,0.0,0.0,0.0,0.0,7.0,6.0,109.0,304.3
33394,Jaylen Waddle,O,0.0,0.0,0.0,0.0,3.0,6.0,0.0,45.0,601.0,2.0,0.0,0.0,1.0,0.0,0.0,0.0,0.0,0.0,0.0,0.0,0.0,1.0,0.0,60.0,121.7
33398,DeVonta Smith,O,0.0,0.0,0.0,0.0,0.0,0.0,0.0,41.0,516.0,4.0,0.0,0.0,0.0,0.0,0.0,0.0,0.0,0.0,0.0,0.0,0.0,3.0,2.0,56.0,128.6
33412,Najee Harris,O,0.0,0.0,0.0,0.0,207.0,824.0,4.0,29.0,249.0,0.0,0.0,0.0,0.0,0.0,0.0,0.0,0.0,0.0,0.0,0.0,0.0,0.0,0.0,37.0,160.3
33413,Travis Etienne Jr.,O,0.0,0.0,0.0,0.0,95.0,371.0,2.0,25.0,114.0,0.0,0.0,0.0,0.0,1.0,1.0,0.0,0.0,0.0,0.0,0.0,0.0,0.0,0.0,33.0,83.0
33423,Javonte Williams,O,0.0,0.0,0.0,0.0,124.0,446.0,4.0,38.0,259.0,0.0,0.0,0.0,0.0,2.0,2.0,0.0,0.0,0.0,0.0,0.0,0.0,0.0,0.0,50.0,127.5
33443,Pat Freiermuth,O,0.0,0.0,0.0,0.0,0.0,0.0,0.0,41.0,422.0,4.0,0.0,0.0,0.0,1.0,1.0,0.0,0.0,0.0,0.0,0.0,0.0,0.0,0.0,47.0,104.7
33477,Nico Collins,O,0.0,0.0,0.0,0.0,0.0,0.0,0.0,49.0,832.0,4.0,0.0,0.0,0.0,0.0,0.0,0.0,0.0,0.0,0.0,0.0,0.0,4.0,1.0,72.0,167.2
33500,Amon-Ra St. Brown,O,7.0,1.0,0.0,0.0,1.0,-4.0,0.0,76.0,820.0,9.0,15.0,0.0,0.0,0.0,0.0,0.0,0.0,0.0,0.0,0.0,0.0,0.0,0.0,92.0,216.88
33508,Rhamondre Stevenson,O,0.0,0.0,0.0,0.0,180.0,671.0,6.0,31.0,139.0,1.0,0.0,0.0,2.0,6.0,2.0,0.0,0.0,0.0,0.0,0.0,0.0,0.0,0.0,38.0,151.0
33514,Chuba Hubbard,O,0.0,0.0,0.0,0.0,189.0,919.0,7.0,31.0,126.0,1.0,0.0,0.0,1.0,4.0,3.0,0.0,0.0,0.0,0.0,0.0,0.0,0.0,0.0,40.0,177.5
33963,Drake London,O,0.0,0.0,0.0,0.0,1.0,-3.0,0.0,70.0,796.0,6.0,0.0,0.0,0.0,0.0,0.0,0.0,0.0,0.0,0.0,0.0,0.0,0.0,0.0,106.0,185.3
33965,Garrett Wilson,O,0.0,0.0,0.0,0.0,1.0,5.0,0.0,74.0,763.0,5.0,0.0,0.0,1.0,1.0,1.0,0.0,0.0,0.0,0.0,0.0,0.0,0.0,0.0,118.0,180.3
33966,Chris Olave,O,0.0,0.0,0.0,0.0,1.0,7.0,0.0,32.0,400.0,1.0,0.0,0.0,0.0,1.0,1.0,0.0,0.0,0.0,0.0,0.0,0.0,0.0,0.0,44.0,76.2
33967,Jameson Williams,O,0.0,0.0,0.0,0.0,8.0,56.0,0.0,34.0,630.0,4.0,0.0,0.0,0.0,0.0,0.0,0.0,0.0,0.0,0.0,0.0,0.0,4.0,3.0,55.0,143.6
33989,Christian Watson,O,0.0,0.0,0.0,0.0,2.0,0.0,0.0,22.0,450.0,2.0,0.0,0.0,1.0,0.0,0.0,0.0,0.0,0.0,0.0,0.0,0.0,4.0,1.0,38.0,92.0
33991,Breece Hall,O,0.0,0.0,0.0,0.0,164.0,692.0,4.0,46.0,401.0,2.0,0.0,0.0,1.0,6.0,2.0,0.0,0.0,0.0,0.0,1.0,0.0,1.0,0.0,62.0,190.3
33996,Kenneth Walker III,O,0.0,0.0,0.0,0.0,145.0,542.0,7.0,38.0,271.0,1.0,0.0,0.0,0.0,1.0,0.0,0.0,0.0,0.0,0.0,0.0,0.0,0.0,0.0,45.0,166.8
33998,Wan'Dale Robinson,O,0.0,0.0,0.0,0.0,3.0,18.0,0.0,63.0,447.0,2.0,0.0,0.0,0.0,0.0,0.0,0.0,0.0,0.0,0.0,0.0,0.0,0.0,0.0,91.0,121.5
34007,George Pickens,O,0.0,0.0,0.0,0.0,2.0,-6.0,0.0,55.0,850.0,3.0,0.0,0.0,0.0,1.0,1.0,0.0,0.0,0.0,0.0,0.0,0.0,3.0,0.0,90.0,160.9
34010,Trey McBride,O,0.0,0.0,0.0,0.0,1.0,2.0,1.0,73.0,781.0,0.0,0.0,0.0,0.0,0.0,0.0,1.0,0.0,0.0,0.0,0.0,0.0,0.0,0.0,92.0,163.3
34019,James Cook,O,0.0,0.0,0.0,0.0,151.0,703.0,11.0,26.0,195.0,1.0,0.0,0.0,0.0,0.0,0.0,0.0,0.0,0.0,0.0,2.0,2.0,0.0,0.0,32.0,197.8
34047,Rachaad White,O,0.0,0.0,0.0,0.0,103.0,419.0,2.0,39.0,303.0,4.0,0.0,0.0,0.0,1.0,1.0,0.0,0.0,0.0,0.0,1.0,0.0,0.0,0.0,43.0,146.7
34054,Brian Robinson Jr.,O,0.0,0.0,0.0,0.0,138.0,640.0,8.0,12.0,105.0,0.0,0.0,0.0,0.0,0.0,0.0,0.0,0.0,0.0,0.0,2.0,1.0,0.0,0.0,16.0,141.5
34062,Cade Otton,O,0.0,0.0,0.0,0.0,1.0,-4.0,0.0,54.0,506.0,4.0,0.0,0.0,0.0,2.0,1.0,0.0,0.0,0.0,0.0,0.0,0.0,0.0,0.0,80.0,125.2
34085,Jake Ferguson,O,0.0,0.0,0.0,0.0,0.0,0.0,0.0,43.0,369.0,0.0,0.0,0.0,0.0,3.0,1.0,0.0,0.0,0.0,0.0,0.0,0.0,0.0,0.0,58.0,76.4
34088,Romeo Doubs,O,0.0,0.0,0.0,0.0,0.0,0.0,0.0,34.0,483.0,2.0,0.0,0.0,0.0,0.0,0.0,0.0,0.0,0.0,0.0,0.0,0.0,0.0,0.0,53.0,94.3
34095,Isaiah Likely,O,0.0,0.0,0.0,0.0,0.0,0.0,0.0,33.0,384.0,4.0,0.0,0.0,0.0,1.0,1.0,0.0,0.0,0.0,0.0,0.0,0.0,2.0,1.0,47.0,99.9
34104,Khalil Shakir,O,0.0,0.0,0.0,0.0,2.0,4.0,0.0,60.0,629.0,2.0,0.0,0.0,0.0,0.0,0.0,0.0,0.0,0.0,0.0,0.0,0.0,1.0,0.0,73.0,137.3
34107,Tyler Allgeier,O,0.0,0.0,0.0,0.0,93.0,445.0,2.0,10.0,62.0,0.0,0.0,0.0,1.0,0.0,0.0,0.0,0.0,0.0,0.0,0.0,0.0,0.0,0.0,10.0,74.7
34120,Kyren Williams,O,0.0,0.0,0.0,0.0,222.0,926.0,10.0,26.0,145.0,2.0,12.0,0.0,0.0,5.0,3.0,0.0,0.0,0.0,0.0,0.0,0.0,0.0,0.0,32.0,197.4
34207,Isiah Pacheco,O,0.0,0.0,0.0,0.0,41.0,179.0,1.0,8.0,59.0,0.0,0.0,0.0,0.0,0.0,0.0,0.0,0.0,0.0,0.0,0.0,0.0,0.0,0.0,9.0,37.8
34218,Brock Purdy,O,2707.0,13.0,8.0,22.0,53.0,271.0,4.0,0.0,0.0,0.0,0.0,0.0,0.0,7.0,3.0,0.0,0.0,9.0,2.0,0.0,0.0,0.0,0.0,0.0,206.88
34447,Jaylen Warren,O,0.0,0.0,0.0,0.0,78.0,312.0,1.0,25.0,197.0,0.0,136.0,0.0,0.0,1.0,1.0,0.0,0.0,0.0,0.0,0.0,0.0,0.0,0.0,28.0,88.47
34659,Rashid Shaheed,O,0.0,0.0,0.0,0.0,6.0,29.0,0.0,20.0,349.0,3.0,314.0,1.0,0.0,1.0,1.0,0.0,0.0,0.0,0.0,0.0,0.0,3.0,3.0,41.0,115.23
40030,C.J. Stroud,O,3117.0,15.0,9.0,41.0,43.0,199.0,0.0,0.0,0.0,0.0,0.0,0.0,0.0,5.0,3.0,0.0,0.0,6.0,1.0,0.0,0.0,0.0,0.0,1.0,181.58
40039,Zay Flowers,O,0.0,0.0,0.0,0.0,7.0,44.0,0.0,60.0,863.0,4.0,0.0,0.0,0.0,0.0,0.0,0.0,0.0,0.0,0.0,0.0,0.0,3.0,1.0,94.0,183.7
40040,Anthony Richardson,O,1511.0,7.0,9.0,11.0,70.0,383.0,4.0,0.0,0.0,0.0,0.0,0.0,1.0,9.0,3.0,0.0,0.0,6.0,3.0,0.0,0.0,0.0,0.0,0.0,148.74
40041,Jaxon Smith-Njigba,O,35.0,0.0,0.0,0.0,2.0,13.0,0.0,70.0,829.0,4.0,0.0,0.0,0.0,1.0,0.0,0.0,0.0,0.0,0.0,0.0,0.0,2.0,0.0,97.0,183.1
40042,Jordan Addison,O,0.0,0.0,0.0,0.0,3.0,20.0,1.0,36.0,575.0,4.0,0.0,0.0,0.0,0.0,0.0,0.0,0.0,0.0,0.0,0.0,0.0,4.0,1.0,56.0,136.5
40048,Dalton Kincaid,O,0.0,0.0,0.0,0.0,0.0,0.0,0.0,34.0,356.0,2.0,0.0,0.0,0.0,1.0,0.0,0.0,0.0,0.0,0.0,0.0,0.0,0.0,0.0,59.0,81.1
40055,Bijan Robinson,O,0.0,0.0,0.0,0.0,193.0,885.0,7.0,51.0,392.0,1.0,0.0,0.0,0.0,0.0,0.0,0.0,0.0,0.0,0.0,0.0,0.0,0.0,0.0,56.0,226.7
40059,Jahmyr Gibbs,O,0.0,0.0,0.0,0.0,163.0,973.0,10.0,28.0,282.0,1.0,0.0,0.0,0.0,1.0,1.0,0.0,0.0,0.0,0.0,2.0,2.0,1.0,0.0,36.0,229.0
40061,Luke Schoonmaker,O,0.0,0.0,0.0,0.0,0.0,0.0,0.0,22.0,200.0,1.0,0.0,0.0,0.0,0.0,0.0,0.0,0.0,0.0,0.0,0.0,0.0,0.0,0.0,31.0,48.0
40063,Jayden Reed,O,0.0,0.0,0.0,0.0,13.0,128.0,1.0,44.0,693.0,6.0,84.0,0.0,0.0,1.0,0.0,0.0,0.0,0.0,0.0,0.0,0.0,5.0,1.0,58.0,186.2
40064,Sam LaPorta,O,0.0,0.0,0.0,0.0,0.0,0.0,0.0,31.0,391.0,5.0,0.0,0.0,0.0,0.0,0.0,0.0,0.0,0.0,0.0,0.0,0.0,1.0,1.0,44.0,105.1
40075,Zach Charbonnet,O,0.0,0.0,0.0,0.0,75.0,266.0,5.0,29.0,204.0,1.0,0.0,0.0,0.0,0.0,0.0,0.0,0.0,0.0,0.0,0.0,0.0,0.0,0.0,36.0,112.0
40093,Cedric Tillman,O,0.0,0.0,0.0,0.0,1.0,-5.0,0.0,29.0,339.0,3.0,0.0,0.0,1.0,1.0,1.0,0.0,0.0,0.0,0.0,0.0,0.0,0.0,0.0,49.0,79.9
40095,Tank Bigsby,O,0.0,0.0,0.0,0.0,102.0,547.0,4.0,4.0,43.0,0.0,195.0,0.0,0.0,2.0,0.0,0.0,0.0,0.0,0.0,2.0,1.0,0.0,0.0,6.0,106.0
40097,Tank Dell,O,0.0,0.0,0.0,0.0,8.0,28.0,0.0,43.0,543.0,2.0,38.0,0.0,0.0,0.0,0.0,0.0,0.0,0.0,0.0,0.0,0.0,1.0,0.0,72.0,116.63
40102,Tucker Kraft,O,0.0,0.0,0.0,0.0,2.0,4.0,0.0,36.0,480.0,6.0,0.0,0.0,1.0,1.0,1.0,0.0,0.0,0.0,0.0,0.0,0.0,2.0,1.0,49.0,126.9
40118,De'Von Achane,O,0.0,0.0,0.0,0.0,139.0,576.0,3.0,57.0,429.0,6.0,32.0,0.0,0.0,0.0,0.0,0.0,0.0,0.0,0.0,1.0,0.0,0.0,0.0,64.0,215.63
40126,Josh Downs,O,0.0,0.0,0.0,0.0,1.0,12.0,0.0,53.0,594.0,4.0,161.0,0.0,0.0,0.0,0.0,0.0,0.0,0.0,0.0,0.0,0.0,1.0,1.0,78.0,153.33
40168,Puka Nacua,O,0.0,0.0,0.0,0.0,4.0,19.0,0.0,42.0,546.0,2.0,0.0,0.0,0.0,0.0,0.0,0.0,0.0,0.0,0.0,0.0,0.0,0.0,0.0,61.0,110.5
40196,Chase Brown,O,0.0,0.0,0.0,0.0,152.0,677.0,6.0,38.0,237.0,2.0,186.0,0.0,1.0,2.0,1.0,0.0,0.0,0.0,0.0,1.0,0.0,0.0,0.0,47.0,190.8
40222,DeMario Douglas,O,0.0,0.0,0.0,0.0,2.0,10.0,0.0,52.0,497.0,1.0,0.0,0.0,0.0,0.0,0.0,0.0,0.0,0.0,0.0,0.0,0.0,0.0,0.0,70.0,108.7
40875,Bo Nix,O,2842.0,17.0,8.0,19.0,67.0,304.0,4.0,1.0,2.0,1.0,0.0,0.0,0.0,1.0,0.0,0.0,0.0,3.0,2.0,0.0,0.0,0.0,0.0,1.0,237.28
40877,Xavier Worthy,O,0.0,0.0,0.0,0.0,11.0,49.0,2.0,33.0,407.0,4.0,0.0,0.0,0.0,0.0,0.0,0.0,0.0,0.0,0.0,0.0,0.0,1.0,1.0,61.0,119.6
40878,Brock Bowers,O,0.0,0.0,0.0,0.0,3.0,11.0,0.0,84.0,884.0,4.0,0.0,0.0,0.0,0.0,0.0,0.0,0.0,0.0,0.0,0.0,0.0,1.0,1.0,113.0,202.5
40883,Brian Thomas Jr.,O,0.0,0.0,0.0,0.0,5.0,30.0,0.0,46.0,765.0,6.0,0.0,0.0,2.0,0.0,0.0,0.0,0.0,0.0,0.0,0.0,0.0,4.0,1.0,73.0,176.5
40893,Marvin Harrison Jr.,O,0.0,0.0,0.0,0.0,0.0,0.0,0.0,41.0,606.0,7.0,0.0,0.0,0.0,1.0,1.0,0.0,0.0,0.0,0.0,0.0,0.0,1.0,1.0,78.0,146.1
40896,Jayden Daniels,O,2819.0,15.0,6.0,29.0,108.0,590.0,6.0,0.0,0.0,0.0,0.0,0.0,3.0,4.0,0.0,0.0,0.0,8.0,3.0,1.0,0.0,0.0,0.0,0.0,278.26
40899,Malik Nabers,O,0.0,0.0,0.0,0.0,5.0,2.0,0.0,75.0,740.0,3.0,0.0,0.0,0.0,1.0,0.0,0.0,0.0,0.0,0.0,0.0,0.0,0.0,0.0,116.0,166.7
40900,Caleb Williams,O,2612.0,14.0,5.0,49.0,59.0,378.0,0.0,0.0,0.0,0.0,0.0,0.0,3.0,4.0,2.0,0.0,0.0,5.0,0.0,0.0,0.0,0.0,0.0,0.0,178.78
40901,Rome Odunze,O,0.0,0.0,0.0,0.0,3.0,15.0,0.0,41.0,543.0,1.0,0.0,0.0,0.0,1.0,0.0,0.0,0.0,0.0,0.0,0.0,0.0,2.0,0.0,76.0,106.3
40908,Ladd McConkey,O,0.0,0.0,0.0,0.0,0.0,0.0,0.0,58.0,815.0,4.0,28.0,0.0,0.0,2.0,0.0,0.0,0.0,0.0,0.0,0.0,0.0,2.0,1.0,81.0,171.37
40911,Keon Coleman,O,0.0,0.0,0.0,0.0,0.0,0.0,0.0,22.0,417.0,3.0,0.0,0.0,1.0,0.0,0.0,0.0,0.0,0.0,0.0,0.0,0.0,3.0,1.0,36.0,92.7
40980,Ray Davis,O,0.0,0.0,0.0,0.0,80.0,342.0,3.0,11.0,153.0,1.0,109.0,0.0,0.0,0.0,0.0,0.0,0.0,0.0,0.0,0.0,0.0,2.0,1.0,12.0,98.77
40981,Braelon Allen,O,0.0,0.0,0.0,0.0,67.0,240.0,2.0,12.0,97.0,1.0,0.0,0.0,0.0,0.0,0.0,0.0,0.0,0.0,0.0,0.0,0.0,0.0,0.0,18.0,63.7
40993,Bucky Irving,O,0.0,0.0,0.0,0.0,133.0,732.0,6.0,35.0,285.0,0.0,176.0,0.0,0.0,2.0,1.0,0.0,0.0,0.0,0.0,2.0,0.0,0.0,0.0,37.0,185.43
41048,Tyrone Tracy Jr.,O,0.0,0.0,0.0,0.0,125.0,619.0,4.0,24.0,178.0,0.0,61.0,0.0,0.0,4.0,2.0,0.0,0.0,0.0,0.0,1.0,1.0,0.0,0.0,30.0,130.77
41097,Devaughn Vele,O,0.0,0.0,0.0,0.0,0.0,0.0,0.0,33.0,377.0,1.0,0.0,0.0,0.0,0.0,0.0,0.0,0.0,0.0,0.0,0.0,0.0,0.0,0.0,45.0,76.7
