_id,eligible_positions,_player_id,_name,_position_type,_Pass Yds,_Pass TD,_Int,_Sack,_Rush Att,_Rush Yds,_Rush TD,_Rec,_Rec Yds,_Rec TD,_Ret Yds,_Ret TD,_2-PT,_Fum,_Fum Lost,_Fum Ret TD,_Pick Six,_40 Yd Comp,_40 Yd Pass TD,_40 Yd Rush,_40 Yd Rush TD,_40 Yd Rec,_40 Yd Rec TD,_Targets,_Fantasy Points,Y/R
67573fa96c21cf285a545279,['QB'],31002,Lamar Jackson,O,3290.0,29.0,3.0,19.0,111.0,678.0,3.0,0.0,0.0,0.0,0.0,0.0,1.0,8.0,4.0,0.0,0.0,11.0,5.0,0.0,0.0,0.0,0.0,0.0,347.9,6.1
67573fa96c21cf285a5452eb,['QB'],40896,Jayden Daniels,O,2819.0,15.0,6.0,29.0,108.0,590.0,6.0,0.0,0.0,0.0,0.0,0.0,3.0,4.0,0.0,0.0,0.0,8.0,3.0,1.0,0.0,0.0,0.0,0.0,278.26,5.5
67573fa96c21cf285a54529f,['QB'],32723,Jalen Hurts,O,2494.0,14.0,5.0,31.0,124.0,485.0,12.0,0.0,0.0,0.0,0.0,0.0,0.0,7.0,4.0,0.0,0.0,10.0,4.0,0.0,0.0,0.0,0.0,0.0,276.26,3.9
67573fa96c21cf285a545284,['QB'],31833,Kyler Murray,O,2603.0,13.0,6.0,21.0,55.0,428.0,4.0,0.0,0.0,0.0,0.0,0.0,0.0,7.0,3.0,0.0,0.0,2.0,1.0,2.0,2.0,0.0,0.0,0.0,213.92000000000002,7.8
67573fa96c21cf285a5452d0,['QB'],40040,Anthony Richardson,O,1511.0,7.0,9.0,11.0,70.0,383.0,4.0,0.0,0.0,0.0,0.0,0.0,1.0,9.0,3.0,0.0,0.0,6.0,3.0,0.0,0.0,0.0,0.0,0.0,148.74,5.5
67573fa96c21cf285a5452ed,['QB'],40900,Caleb Williams,O,2612.0,14.0,5.0,49.0,59.0,378.0,0.0,0.0,0.0,0.0,0.0,0.0,3.0,4.0,2.0,0.0,0.0,5.0,0.0,0.0,0.0,0.0,0.0,0.0,178.78000000000003,6.4
67573fa96c21cf285a545276,['QB'],30977,Josh Allen,O,2691.0,20.0,5.0,13.0,70.0,334.0,6.0,0.0,7.0,1.0,0.0,0.0,1.0,5.0,2.0,0.0,0.0,7.0,2.0,0.0,0.0,0.0,0.0,0.0,267.74,4.8
67573fa96c21cf285a5452e6,['QB'],40875,Bo Nix,O,2842.0,17.0,8.0,19.0,67.0,304.0,4.0,1.0,2.0,1.0,0.0,0.0,0.0,1.0,0.0,0.0,0.0,3.0,2.0,0.0,0.0,0.0,0.0,1.0,237.28,4.5
67573fa96c21cf285a545272,"['QB', 'TE', 'W/R/T', 'IR']",30614,Taysom Hill,O,21.0,0.0,1.0,0.0,39.0,278.0,6.0,23.0,187.0,0.0,42.0,0.0,0.0,1.0,1.0,0.0,0.0,0.0,0.0,1.0,1.0,0.0,0.0,31.0,110.64,7.1
67573fa96c21cf285a5452c9,['QB'],34218,Brock Purdy,O,2707.0,13.0,8.0,22.0,53.0,271.0,4.0,0.0,0.0,0.0,0.0,0.0,0.0,7.0,3.0,0.0,0.0,9.0,2.0,0.0,0.0,0.0,0.0,0.0,206.88,5.1
67573fa96c21cf285a545263,['QB'],30123,Patrick Mahomes,O,2979.0,19.0,11.0,32.0,46.0,231.0,1.0,1.0,2.0,0.0,0.0,0.0,0.0,2.0,0.0,0.0,0.0,3.0,2.0,0.0,0.0,0.0,0.0,1.0,209.45999999999998,5.0
67573fa96c21cf285a545273,['QB'],30971,Baker Mayfield,O,3034.0,25.0,11.0,28.0,43.0,229.0,3.0,0.0,0.0,0.0,0.0,0.0,1.0,11.0,1.0,0.0,0.0,2.0,2.0,0.0,0.0,0.0,0.0,0.0,241.76000000000002,5.3
67573fa96c21cf285a545296,['QB'],32676,Justin Herbert,O,2551.0,13.0,1.0,32.0,50.0,212.0,2.0,0.0,0.0,0.0,0.0,0.0,1.0,6.0,2.0,0.0,0.0,5.0,2.0,0.0,0.0,0.0,0.0,0.0,181.24,4.2
67573fa96c21cf285a5452ce,['QB'],40030,C.J. Stroud,O,3117.0,15.0,9.0,41.0,43.0,199.0,0.0,0.0,0.0,0.0,0.0,0.0,0.0,5.0,3.0,0.0,0.0,6.0,1.0,0.0,0.0,0.0,0.0,1.0,181.58,4.6
67573fa96c21cf285a545275,['QB'],30973,Sam Darnold,O,2952.0,23.0,10.0,36.0,52.0,187.0,1.0,0.0,0.0,0.0,0.0,0.0,0.0,7.0,4.0,0.0,0.0,7.0,2.0,0.0,0.0,0.0,0.0,0.0,215.27999999999997,3.6
67573fa96c21cf285a545294,['QB'],32671,Joe Burrow,O,3337.0,30.0,5.0,30.0,33.0,160.0,1.0,0.0,0.0,0.0,0.0,0.0,0.0,7.0,3.0,0.0,0.0,11.0,8.0,1.0,1.0,0.0,0.0,0.0,296.98,4.8
67573fa96c21cf285a545264,"['QB', 'IR']",30125,Deshaun Watson,O,1148.0,5.0,3.0,33.0,31.0,148.0,1.0,0.0,0.0,0.0,0.0,0.0,1.0,5.0,3.0,0.0,0.0,0.0,0.0,0.0,0.0,0.0,0.0,0.0,60.72,4.8
67573fa96c21cf285a5452a6,['QB'],33389,Trevor Lawrence,O,2045.0,11.0,7.0,18.0,26.0,119.0,3.0,0.0,-5.0,0.0,0.0,0.0,3.0,3.0,1.0,0.0,0.0,4.0,1.0,0.0,0.0,0.0,0.0,0.0,152.7,4.6
67573fa96c21cf285a54529a,['QB'],32696,Jordan Love,O,2518.0,20.0,11.0,10.0,18.0,48.0,1.0,0.0,0.0,0.0,0.0,0.0,2.0,4.0,0.0,0.0,0.0,11.0,3.0,0.0,0.0,0.0,0.0,0.0,208.52,2.7
67573fa96c21cf285a545295,['QB'],32675,Tua Tagovailoa,O,2125.0,15.0,4.0,18.0,14.0,47.0,0.0,0.0,0.0,0.0,0.0,0.0,1.0,5.0,1.0,0.0,0.0,3.0,2.0,0.0,0.0,0.0,0.0,0.0,146.2,3.4
67573fa96c21cf285a54525d,['QB'],29235,Jared Goff,O,2982.0,22.0,9.0,22.0,25.0,40.0,0.0,1.0,7.0,1.0,0.0,0.0,0.0,5.0,0.0,0.0,0.0,8.0,4.0,0.0,0.0,0.0,0.0,1.0,224.48,1.6
67573fa96c21cf285a54524e,['QB'],9265,Matthew Stafford,O,2983.0,17.0,7.0,28.0,17.0,11.0,0.0,0.0,0.0,0.0,0.0,0.0,0.0,6.0,2.0,0.0,0.0,5.0,1.0,0.0,0.0,0.0,0.0,0.0,173.42,0.6
67573fa96c21cf285a54524f,['QB'],25812,Kirk Cousins,O,3052.0,17.0,13.0,24.0,20.0,0.0,0.0,0.0,0.0,0.0,0.0,0.0,0.0,12.0,2.0,0.0,0.0,6.0,3.0,0.0,0.0,0.0,0.0,0.0,176.07999999999998,0.0
67573fa96c21cf285a545258,['QB'],27590,Jimmy Garoppolo,O,0.0,0.0,0.0,0.0,0.0,0.0,0.0,0.0,0.0,0.0,0.0,0.0,0.0,0.0,0.0,0.0,0.0,0.0,0.0,0.0,0.0,0.0,0.0,0.0,0.0,
